0.01860694608182406
0.014309079203773814
0.016360654948194726
0.0323015053888287
0.048417821948959
0.024079327296249543
0.020378305220461163
0.044959618413034294
0.02459328099187693
0.008223335027158935
0.033013571128319104
0.005190551337687231
0.028637300388292864
0.03217655652201572
0.028689278759568074
0.02784145823506154
0.011814222362293646
0.017903630017120392
0.015550223648443703
0.018441609293041922
0.022674215328263615
0.013590796675952923
0.011832850248094827
0.010776933814597453
0.00878695165364436
0.013688889453438102
0.04084067991123953
0.04335864047910309
0.021232633730857563
0.012289635255905382
0.017171977258317685
0.03895511621164254
0.008289962944768695
0.028133061021082827
0.014864498803049294
0.03388811349384656
0.02874392000495163
0.02602845493428735
0.02810223646671957
0.0054183552181371825
0.02955824639001098
0.025346620799196067
0.008168302127240705
0.040356195176271
0.029294116111493657
0.042568767329091935
0.042889957319845184
0.026505909609010336
0.009337855169970604
0.014257818984725732
0.008563403302338948
0.013865866588212065
0.018481066645229163
0.010475231507773608
0.018247868128094133
0.027803657066527702
0.03524905433327997
0.031372593178378594
0.028092807343417396
0.0350313560008225
0.06200532086682668
0.06790828084441258
0.022705060743586438
0.02360475515259929
0.013794897963330381
0.016014735229773744
0.023363890691469463
0.012861730496041246
0.00479644268593292
0.02432212311087389
0.013585769363898676
0.005522818448485342
0.02553948263691966
0.02556152637549634
0.019563395863336146
0.023183333274492516
0.015065769811607498
0.004422411841223808
0.01583177471848238
0.013367779857363763
0.013220242700249431
0.022670968418863114
0.03133554567365171
0.019035195267695863
0.02251685731126372
0.01608175118884651
0.03758549732718066
0.009964834671922116
0.09787062143375005
0.02184222315260743
0.029573059906674
0.03567574737519817
0.006719908126199245
0.01830985195533066
0.02115355561691422
0.022712018468415543
0.03870174071777753
0.023255632191673974
0.019110091043739365
0.021809495205755713
