0.019143178640556428
0.00832916203797584
0.015510436449575237
0.01951144722346098
0.02145474466750949
0.00633940485503522
0.026883175712381344
0.027676217381341673
0.021566727444436322
0.0051237108615477065
0.03691207111062233
0.00728139206384918
0.025745050304755233
0.01482197730981709
0.020971595330855203
0.018249760285250508
0.013150653238534638
0.024559340453050176
0.00923708106695121
0.025378899663938595
0.014877764950904171
0.009950696650509341
0.008266882611828143
0.006852782048885756
0.002617405535078482
0.009141992989998762
0.012893952592726972
0.025893630474484022
0.01310321027866551
0.010359610479784917
0.013587444814773038
0.02543721647581496
0.005150564377850444
0.03216012155323117
0.01913424808850695
0.015869758620701526
0.011455138157681054
0.02122909921723238
0.014407196225373854
0.006273877686597945
0.024356388665534693
0.015157827342490732
0.00810142275534367
0.010691080271344888
0.011516829569922938
0.02865678657663667
0.024344984196512275
0.02233682846919747
0.00994588061591309
0.01857453492932308
0.0057080727254010515
0.01115303765011952
0.011533580364530375
0.0070850155945204225
0.010638911098490248
0.022794624782653587
0.02113223707653496
0.036422845208124124
0.020535009102527004
0.014758647917094442
0.024989022229826623
0.04123168425214553
0.02282355444425194
0.027042661403486403
0.014739057248490402
0.008589520076034762
0.015686013500844715
0.006303779433493436
0.004038730922077477
0.007704951422189548
0.00802353455171457
0.005958835765379592
0.021860266064398903
0.012992607743704957
0.012684222720910668
0.011151685091845748
0.008610874249770186
0.0032675149254223343
0.01701270460507083
0.004162654765741136
0.008198296716017716
0.009640576765887914
0.01468198933924297
0.00827096592765255
0.024580585486747016
0.005538906031229949
0.015762037592605412
0.004275518204123203
0.04630270460785695
0.022320305460328232
0.021996669339306666
0.0240919921252187
0.006893653453246217
0.01394807079399254
0.023054463534052556
0.007075886628202055
0.018448784695418264
0.00857773823073807
0.016502380783555353
0.014018222596916726
