0.016138868360060524
0.016375863869290394
0.019388040826807083
0.02113826989231947
0.03720804181970085
0.016637625317856317
0.024635736382603513
0.03941323302325364
0.025564845292363456
0.010245142213635604
0.03149430769412552
0.004101807326629971
0.023549747061416545
0.02321529345222168
0.023966903690729856
0.02512543967751861
0.014112837592129859
0.023718610823671625
0.012077538227119248
0.021646009247351283
0.019488190357620522
0.01390482370589096
0.011868405602247533
0.009593904049389469
0.005623424228663554
0.011609786940720217
0.029216664957840904
0.038534765583097076
0.015911773162907504
0.013978663830667613
0.01789149824291585
0.033956643912249326
0.007397840028496712
0.02693954363505824
0.014683374797606414
0.028668256835629135
0.023469352098159927
0.02867073431415132
0.02116495313277026
0.003017607644221437
0.027324313131456123
0.029386746669283172
0.008501900011568087
0.02854353692415022
0.032865428625663995
0.0467221814375945
0.03558417876889949
0.024998695971110967
0.007713062496527401
0.013089968183559677
0.009294338772224596
0.016864212294462406
0.01742650523079839
0.007380905401208413
0.017321242965757745
0.025081503513164096
0.029745388318565262
0.033822876652294345
0.022291401745625807
0.03334740818936838
0.05208227795947127
0.07039817518831921
0.02450191736298451
0.021906615024658956
0.01284848193521419
0.012913155308102386
0.02417552151248238
0.012910731529606406
0.005022016155055965
0.02033299333011608
0.009198495495310188
0.003940334993741756
0.024165088099367286
0.022443894652382838
0.016069510957889718
0.019282369292463263
0.013467512204245866
0.003687283418257879
0.01272651368283558
0.008834776189268685
0.009331755902414822
0.017524706969550656
0.0343666336506398
0.014672449494822158
0.02731471092110492
0.014719031388177357
0.025022278892940328
0.01033317682086254
0.1228791351740016
0.02045422366494745
0.037289273812425146
0.03451144877605733
0.007031722217821094
0.01532589787159497
0.022217657691636434
0.014781014977896842
0.03048555367565501
0.016529119488827435
0.016769872480047406
0.015078687473718483
