2.571820282063301821e-01
2.551285785434514453e-01
2.504227225373136800e-01
3.179298575872388510e-01 2.426713565925690819e-01
3.216861619292576968e-01 2.316017596500445919e-01
3.217770987740504185e-01 2.173402110007072729e-01
3.170676104669388762e-01 2.007896347045792784e-01
3.065089860332940175e-01 1.839842374798180136e-01
2.899470612696308791e-01 1.693995379844316085e-01
2.696450325529219372e-01 1.886125593673406153e-01
2.505437177720203357e-01 1.035350503560252128e-01 2.385392745118086744e-01
2.282283351976138186e-01 2.540841393715237428e-02 2.497598683502495198e-01
6.251763006118188359e-02 4.598834019714167115e-06 2.735118467844648849e-01
1.825286276775766334e-04 0.000000000000000000e+00 2.840575230451618527e-01
0.000000000000000000e+00 0.000000000000000000e+00 3.211581969207836229e-01
0.000000000000000000e+00 0.000000000000000000e+00 3.463817813633329745e-01
0.000000000000000000e+00 0.000000000000000000e+00 3.696072768393584562e-01
0.000000000000000000e+00 0.000000000000000000e+00 4.120482394412472993e-01
0.000000000000000000e+00 2.781658825542744351e-01 3.870734931020279879e-01 2.134804238474854454e-01
0.000000000000000000e+00 2.859174203416998683e-01 3.831869196695655844e-01 1.981402422324364254e-01
0.000000000000000000e+00 2.982614484010500111e-01 3.742896028155553445e-01 1.877118727744724047e-01
0.000000000000000000e+00 3.091179246659323532e-01 3.451675214392002644e-01 1.771126937299046800e-01
0.000000000000000000e+00 3.200950356700432708e-01 2.629793787530521065e-01 1.006059664458548442e-01
3.317729905283395286e-01 1.236925663084150889e-01 4.925769291864907917e-02
3.899610799555556784e-01 1.861974522137420096e-01 8.740966273825397093e-02
3.488473454080892600e-01 1.996335160065630943e-01 1.120868343969285558e-01
2.250383136111480664e-01 2.252585364910670851e-01 1.020951806018137176e-01
2.379299118362002419e-01 2.338491867840636618e-01 9.551324943426264813e-02
2.555786956524108144e-01 2.523654881922705595e-01 8.979431254223149694e-02
2.825340556705533968e-01 2.816531027833987233e-01 8.426177682690422222e-02
3.242477756707650149e-01 3.189197525760407714e-01 7.914951738165224016e-02
3.723982036243473903e-01 3.538059947801109884e-01 7.479091222573877595e-02
4.224815342893444292e-01 3.187877757257697731e-01 7.152017134916918706e-02
3.957711121989834213e-01 2.595739378610520953e-01 6.964951615506026483e-02
3.574420261717739522e-01 1.910551551995794684e-01 6.352456200178299706e-02
3.551146177496191658e-01 9.757553546335956396e-02 0.000000000000000000e+00
3.245167569682275710e-01 7.388639291175698454e-02 0.000000000000000000e+00
2.643461124784671767e-01 7.667501082971958648e-02 0.000000000000000000e+00
2.086209221518910972e-01 7.744716484650591981e-02 0.000000000000000000e+00
1.999382984804110031e-01 9.024360065291127386e-02 5.000181865397784753e-02
2.391118319963056182e-01 3.044032155337004775e-01 5.029148322380538882e-02
1.997057433497358148e-01 9.410822704717133891e-02 5.634489113976853814e-02
1.989895555082904499e-01 6.890679528579722601e-02 0.000000000000000000e+00
1.971269753727684093e-01 7.216691540516137482e-02 0.000000000000000000e+00
1.947037613710245474e-01 7.328668315936680278e-02 0.000000000000000000e+00
1.916471070564501333e-01 5.657581941495191946e-02 0.000000000000000000e+00
3.168780451065837944e-01 1.227003431714293602e-02 0.000000000000000000e+00
2.586489424347236943e-01 7.491258769317658828e-03 0.000000000000000000e+00
2.500475058665683203e-01 2.755920685716114343e-03
2.399387225007212354e-01 3.958401696333650310e-04
2.275781478442402139e-01 0.000000000000000000e+00
2.482497278562330323e-01 0.000000000000000000e+00
1.702275886984618847e-01 0.000000000000000000e+00
9.421383431623221727e-02
3.217587791299302696e-02
1.906561436261084222e-02
9.861207111003838371e-03
4.222455869280569360e-03
4.797492925844010214e-02
8.173575357963756838e-02
9.660136075605353645e-02
5.506588575279431491e-02
5.909752469303054638e-03
0.000000000000000000e+00
7.908843134485377124e-02
1.200757425327972638e-01
2.091457766513402372e-01
1.872865829659134118e-01
7.182716477968782709e-02
4.912471177717703252e-02
6.169232505845326231e-02
0.000000000000000000e+00
0.000000000000000000e+00
0.000000000000000000e+00
0.000000000000000000e+00
0.000000000000000000e+00
2.210365044328639617e-01
2.235948336004696668e-01
2.204429481239795485e-01
2.157083130543302474e-01
2.075976448982218003e-01
1.913296356840469281e-01
1.680568471123390362e-01
1.444116222563082141e-01
1.234495868203182578e-01 2.864791472160091446e-02
4.449631676960191795e-02 3.949960878115771346e-02
0.000000000000000000e+00 5.039319755222709807e-02
0.000000000000000000e+00 6.136299775584261318e-02
0.000000000000000000e+00 7.245616102855848006e-02
0.000000000000000000e+00 8.373709116857494528e-02
0.000000000000000000e+00 1.475572977408006192e-01
0.000000000000000000e+00 2.199486671694254047e-01
0.000000000000000000e+00 2.054762638794699336e-01
0.000000000000000000e+00 2.076520860061807638e-01
1.991095718271921333e-01
1.926605931521934989e-01
1.922833074528616792e-01
1.991011888572717936e-01
2.200519390821433219e-01
2.753736725593607382e-01
3.370704471265515423e-01
4.329077640715550679e-01
5.588396038662246657e-01
6.836790999657311740e-01
7.129809011404861785e-01 6.054166449701399444e-02
7.350146627661648946e-01 7.277540886894454109e-02
7.430086925405637865e-01 3.492576502172155262e-02
7.481783897748583989e-01 2.562374577225361161e-02
7.887463363696027852e-01 1.125505599841683524e-02
8.828330542664268865e-01 0.000000000000000000e+00
8.548710137507320450e-01 0.000000000000000000e+00
6.576840079672332529e-01 3.372362906547225758e-02
4.539563026574167104e-01 1.403813595053495233e-01
3.361754162029491066e-01 2.108227334519774121e-01
4.156594520564371731e-01 3.419507342132713790e-01
3.294234728060730921e-01 3.626025753763241766e-01
4.216530820598227702e-01 1.670358552299221755e-01
4.230455992441200519e-01 1.201231913513449018e-01
3.948120345062454128e-01 8.919352010787366669e-02
1.068622852234230036e-01 2.990251455328658547e-01
1.412327444669430332e-01 3.366484488160486066e-01
1.791082184965155366e-01 3.039364116664804438e-01
4.157452912332514905e-01 3.009897152703299161e-01
3.626979129697178728e-01 3.750700901965019485e-01
3.177645044627148141e-01 4.283850574202213157e-01
3.676824281492571678e-01 3.663291550849260281e-01
4.508677031549523373e-01 1.005619729439108517e-01
4.664534598733645065e-01 8.865129876867649042e-03
4.734048203511682651e-01 4.929997606521433103e-04
3.092854038717013365e-01 1.621061053450442886e-03
2.643706220538081242e-01 5.369549128034336975e-03
2.571044564001950250e-01 1.085129828474935484e-02
2.481135026278632749e-01 1.690184474436470796e-02
3.384232782520757432e-01 2.124581585232011155e-02
3.925896716695982391e-01 7.631350726776175986e-02
4.033152558349085148e-01 8.884787168744803787e-02
3.703765708390955869e-01 6.689005217848124907e-02
1.787836660478039630e-01 4.006343265089860536e-03
1.258190840143654232e-01 4.245832555192043979e-03
8.322380518100357116e-02 6.738390809448157291e-03
8.918874825458872335e-02 3.323083421301648022e-02
1.862452866984135591e-01 6.641153434301449998e-02
0.000000000000000000e+00
0.000000000000000000e+00
0.000000000000000000e+00
0.000000000000000000e+00
0.000000000000000000e+00
0.000000000000000000e+00
0.000000000000000000e+00
0.000000000000000000e+00
0.000000000000000000e+00
0.000000000000000000e+00
0.000000000000000000e+00
0.000000000000000000e+00
2.829143507631934340e-01
4.733256611324911933e-01
4.853463400444190112e-01
5.116479586653052136e-01
5.368485077924601834e-01
5.589669880477408093e-01
5.775272087961453860e-01
5.955663562054326343e-01
6.962019713372940011e-01
7.996563705980814785e-01
7.333186712178154654e-01
7.926827689913484853e-01 2.458762846589122308e-01
7.557304049537163504e-01 2.410173227063264756e-01
6.889708275404852200e-01 3.466314041973548310e-01
6.324315177361473639e-01 5.346884895709583807e-01
4.937359227189331290e-01 5.931734436967774915e-01
2.558347812602108085e-01 6.259741526144411150e-01
1.172731399009330211e-01 6.450900244716072374e-01
0.000000000000000000e+00 7.066598844726557083e-01 2.805722138300531521e-01
0.000000000000000000e+00 7.190259128177152181e-01 2.657959925574088222e-01
0.000000000000000000e+00 7.212055848472684882e-01 2.972288328156305059e-01
0.000000000000000000e+00 5.393541618932637949e-01 3.051978765896122825e-01
0.000000000000000000e+00 8.883687057421479905e-02 2.622166345009472321e-01
0.000000000000000000e+00 0.000000000000000000e+00 2.455607456942729416e-01
0.000000000000000000e+00 0.000000000000000000e+00 2.941842901629823648e-01
2.577324615083133319e-02 0.000000000000000000e+00 3.266431259417030275e-01
8.272031459273120058e-02 0.000000000000000000e+00 3.823183592693444877e-01
7.556352820436246231e-02 0.000000000000000000e+00 4.140121357912984745e-01
1.430298927786539664e-01 6.079371509489245318e-02 3.201118406653179482e-01
1.961238718740656584e-01 9.976385429079884237e-02 2.172455511534714112e-01
1.930024662702395921e-01 1.534874815946789262e-01 2.531342871250337190e-01
1.338174253134498115e-01 0.000000000000000000e+00 4.005456190841952813e-01
7.679097507177662374e-02 0.000000000000000000e+00 5.561115829606847472e-01
8.332456631696949501e-02 0.000000000000000000e+00 7.236007685507089837e-01
9.135583394775387278e-02 0.000000000000000000e+00 7.605825551995119005e-01
9.648816440829552366e-02 0.000000000000000000e+00 7.754427974989211991e-01
2.186440261176756661e-01
2.391024263715064713e-01
2.341298126734143170e-01
2.475989708405217926e-01
2.587944319879695865e-01
2.685483105012203553e-01
2.768782836615221177e-01
2.823321558390860520e-01
2.485555198353000539e-01
2.295715011089796698e-01
1.733488120821630174e-02
1.689085992278077375e-01
1.859469498114671715e-01
1.969909466112986784e-01 0.000000000000000000e+00
2.517396935462261065e-01 0.000000000000000000e+00
2.156693830485379437e-01 0.000000000000000000e+00
8.290245830127429549e-02 1.582369967782573661e-01
0.000000000000000000e+00 1.350746010991310531e-01
0.000000000000000000e+00 1.072057209890901058e-01
0.000000000000000000e+00 2.511559512355641954e-02
0.000000000000000000e+00 1.904656587358731501e-02
0.000000000000000000e+00 5.243685613509641019e-02
0.000000000000000000e+00 8.920767994567654902e-02
0.000000000000000000e+00 1.365894343589258708e-01
5.570169057109522481e-02 0.000000000000000000e+00
9.447480787246617662e-02 0.000000000000000000e+00
1.306714221975105450e-01 0.000000000000000000e+00
1.039539488766751396e-01 0.000000000000000000e+00
0.000000000000000000e+00 1.255584151064821352e-01
0.000000000000000000e+00 1.258485652081032247e-01
2.346106669201389328e-02 3.145505453800773177e-02
3.154550223818160248e-02 3.896469183466350072e-02
3.766686021739683310e-02 4.505272512732014234e-02
4.366065241915050021e-02 5.058270918082476142e-02
4.923929465315388110e-02 5.687921976113907707e-02
5.406357620515383350e-02 6.379422242999256698e-02
5.803935296995681170e-02 7.119839863110856426e-02
5.822583607877260259e-02 8.764610151965666895e-02
3.226316470438412437e-02 2.492847558664728069e-01
2.501684183436313560e-02 2.999852917223321258e-01
1.197126478743813227e-01
8.653961799514457709e-02
5.988563143832251190e-02
2.337764541408515750e-01
2.688179472793708058e-01
1.100368551169728093e-01
6.800329660694331979e-02
6.650307614543068957e-02
1.744687630422112334e-01
1.914437022462789906e-01
3.666951362345948762e-01
4.229150340135018338e-01
4.996955519579372451e-01
5.551233616914902358e-01
5.502014023449525171e-01
5.618736252783954610e-01
5.741651534038302307e-01
5.915392574095602596e-01
6.027273976301904534e-01
6.020306579188386964e-01
5.344918745688126416e-01
5.971096182735267099e-01
6.224657361213834506e-01
5.168878478009021338e-01
4.546120627309461759e-01
3.633725041547877788e-01
3.163814042755506706e-01
2.652553932772503953e-01
4.685824592458762844e-02
2.017189452173269448e-02
4.766785676010067974e-01 0.000000000000000000e+00
5.133278217071104432e-01 0.000000000000000000e+00
5.488955605203353905e-01 0.000000000000000000e+00
5.830604329746578163e-01 0.000000000000000000e+00
6.146835623973778695e-01 0.000000000000000000e+00
6.412544097549868205e-01 0.000000000000000000e+00
7.180083978707552106e-01 0.000000000000000000e+00
8.757097376112371601e-01 0.000000000000000000e+00
7.081785521899275349e-01
5.949844488034363721e-01
3.819694039384148310e-01
7.914889854192930230e-02
0.000000000000000000e+00
0.000000000000000000e+00
0.000000000000000000e+00
0.000000000000000000e+00
0.000000000000000000e+00
0.000000000000000000e+00
0.000000000000000000e+00
0.000000000000000000e+00
2.761924665253700506e-01
2.982156723387794361e-01
1.604583560990920366e-01
9.911159871571904867e-02
8.608486699948793286e-02
6.976231316994263576e-02
5.602710288195013322e-02
6.842740517834125513e-02
0.000000000000000000e+00
5.385408126485760616e-03
2.654041027938377345e-02
6.717601847214232924e-03
0.000000000000000000e+00
0.000000000000000000e+00
0.000000000000000000e+00
0.000000000000000000e+00
0.000000000000000000e+00
0.000000000000000000e+00
0.000000000000000000e+00
0.000000000000000000e+00
0.000000000000000000e+00
0.000000000000000000e+00
0.000000000000000000e+00
6.362206417439120187e-03
6.599112098435880314e-02
7.165137809544641634e-02
7.316475351870146970e-02
2.143474339366119308e-02
2.107893879250238856e-02
2.066495604115756168e-02
2.023296419870548868e-02
1.980073230607184986e-02
1.937587979655680526e-02
1.896149708944447343e-02
1.855867293887475400e-02
0.000000000000000000e+00
0.000000000000000000e+00
0.000000000000000000e+00
2.431308420386535107e-01
2.210124329526578502e-01
2.182305080721292923e-01
2.241484307821180466e-01
2.326275963702217620e-01
2.417566552751615749e-01
2.512412265410723933e-01
2.611471138722633034e-01
2.661761317048114694e-01
2.676559883124817185e-01
2.694887620575582843e-01
3.110203206014891530e-01
2.853403079161243583e-01
2.028256327576051787e-01
1.899623067666607323e-01
1.737564181517733952e-01
1.267456452820887314e-01
7.275607835820455116e-02
2.113776763412011372e-01 4.791218000405648991e-02
1.983189906364606625e-01 3.280506241832321229e-02
1.927637758019874192e-01 1.990680157643557463e-02
1.876858811716093922e-01 5.047784132513874478e-03
1.767515760672127290e-01 0.000000000000000000e+00
1.283453367864824946e-01
1.135439871400781703e-01
9.168596256018225754e-02
6.708669650666641837e-02
3.123868729289647206e-02
0.000000000000000000e+00
0.000000000000000000e+00
0.000000000000000000e+00
0.000000000000000000e+00
0.000000000000000000e+00
2.240435021254635062e-01 0.000000000000000000e+00
2.072967128293027872e-01 0.000000000000000000e+00
2.355079045570412088e-01 0.000000000000000000e+00
1.760737654825826337e-01 0.000000000000000000e+00
1.610932585860440081e-01 0.000000000000000000e+00
1.467436216469854560e-01
1.141602585946952936e-01
8.748077757243238883e-02
2.757462749064580609e-02
0.000000000000000000e+00
0.000000000000000000e+00
0.000000000000000000e+00
0.000000000000000000e+00
0.000000000000000000e+00
0.000000000000000000e+00
0.000000000000000000e+00
0.000000000000000000e+00
1.214110546175570793e-01
1.355153881160923446e-01
1.496313315281955492e-01
1.637604186331093614e-01
1.779045057186641465e-01
1.920658405804031854e-01
2.062471555384441102e-01
2.204517976118693101e-01
2.257421887434946373e-01
6.680356311304747052e-02
6.176433225326702359e-02
5.785724106183320892e-02
0.000000000000000000e+00
0.000000000000000000e+00
0.000000000000000000e+00
0.000000000000000000e+00
0.000000000000000000e+00
0.000000000000000000e+00
0.000000000000000000e+00
0.000000000000000000e+00
0.000000000000000000e+00
0.000000000000000000e+00
0.000000000000000000e+00
0.000000000000000000e+00
0.000000000000000000e+00
2.576282359809581313e-01
2.552684516490356104e-01
2.524579934575092444e-01
2.668286769725255470e-01
2.617457389711232985e-01
2.261410792652473467e-01 2.565800800724555297e-01
2.266051601589464393e-01 2.547438637299971886e-01
2.268552415776049491e-01 2.539125437212311209e-01
2.274315028503986202e-01 2.537258519186750827e-01
2.289973632120903546e-01 2.542880420247046747e-01
2.323985825977086805e-01 2.557599319421206552e-01
2.694983246002063404e-01 1.864176225350632210e-01
9.247854508758687753e-02 9.095050901173859503e-02
7.377619871130391971e-02 6.903757304980752407e-02
8.890218968363758356e-02 4.602502243308478902e-02
2.935371576472763089e-02 0.000000000000000000e+00
0.000000000000000000e+00 0.000000000000000000e+00
0.000000000000000000e+00 0.000000000000000000e+00
0.000000000000000000e+00 0.000000000000000000e+00
0.000000000000000000e+00 0.000000000000000000e+00
0.000000000000000000e+00 0.000000000000000000e+00
0.000000000000000000e+00 0.000000000000000000e+00
2.475136140608846791e-01
2.424654258913186144e-01
2.365065929583548554e-01
2.519940526436957873e-01
2.650305642957406227e-01
2.521330638607447439e-01
2.485501206543835329e-01
2.869255544178263007e-01
2.630478380358171608e-01
1.769624787212664141e-01
6.891922473914621761e-02
3.424452491674723209e-02
0.000000000000000000e+00
2.548264076744382045e-01 0.000000000000000000e+00
2.606928792971969777e-01 0.000000000000000000e+00
2.747684717927031395e-01 0.000000000000000000e+00
2.689233426037638819e-01 0.000000000000000000e+00
2.647050523942320321e-01 0.000000000000000000e+00
2.596910011131898233e-01 0.000000000000000000e+00
3.038504631298230563e-01 0.000000000000000000e+00
3.153272657894328757e-01 0.000000000000000000e+00
4.701623458762739793e-01 0.000000000000000000e+00
4.898747679876028216e-01 0.000000000000000000e+00
5.178034413123966395e-01 4.200508121273924256e-02
5.691040427784339606e-01 6.647843565671415766e-02
6.542426485603931585e-01 6.292408327651333177e-02
7.396241471735496287e-01 4.540899948085933002e-02
8.709400989244953095e-01 0.000000000000000000e+00
9.804583915661677640e-01 0.000000000000000000e+00
9.720806621085272825e-01 0.000000000000000000e+00
8.798978961034904511e-01
7.452241148065694709e-01
6.525866768247267080e-01
4.626822994628828067e-01
3.518767425913466584e-01
2.428760622352017784e-01
3.627655305085533688e-02
0.000000000000000000e+00
0.000000000000000000e+00
0.000000000000000000e+00
0.000000000000000000e+00
0.000000000000000000e+00
0.000000000000000000e+00
0.000000000000000000e+00
0.000000000000000000e+00
0.000000000000000000e+00
0.000000000000000000e+00
0.000000000000000000e+00
0.000000000000000000e+00
0.000000000000000000e+00
0.000000000000000000e+00
0.000000000000000000e+00
0.000000000000000000e+00
0.000000000000000000e+00
0.000000000000000000e+00
0.000000000000000000e+00
0.000000000000000000e+00
0.000000000000000000e+00
0.000000000000000000e+00
0.000000000000000000e+00
0.000000000000000000e+00
0.000000000000000000e+00
0.000000000000000000e+00
7.392090036681828180e-02
9.146818588403130001e-02
9.793587185369738435e-02
1.075024475277887026e-01
1.142092147278621073e-01
4.199758251604396309e-02
0.000000000000000000e+00
0.000000000000000000e+00
0.000000000000000000e+00 3.456888394325940972e-01
4.676421138695791013e-02 3.511591165656536839e-01
2.005356881304986016e-01
1.895940708310757672e-01
1.981225856606223246e-01
1.300830638885093204e-01 2.085230356891283054e-01
1.440996864462067428e-01 2.202020819521587902e-01
1.592533517159081535e-01 2.326308420913171804e-01
1.753016456364646924e-01 2.453497130037231022e-01
1.921573640996137589e-01 2.579076562293843855e-01
2.098002227689156340e-01 2.698295170460784376e-01
2.282274602546990883e-01 2.806447996939972489e-01
2.474178438492238841e-01 2.897039938377234392e-01
2.665959602332079736e-01 2.874722897729040660e-01
3.152725576055639412e-01 2.842900474738911942e-01
2.855461326431045221e-01 2.881744748597127037e-01
2.778655482587082948e-01 2.930312825437157431e-01
2.787834961563507852e-01 2.967492802734459922e-01
2.893812539750323931e-01 2.421750298145726454e-01
3.021895994603593927e-01 2.418690675914303978e-01
3.096349389476941716e-01 2.393701515976337513e-01
3.113485484067469722e-01 1.616165908622775871e-01
3.213635784239629034e-01 1.515233232751796166e-01
3.339968928714575069e-01 1.680947893086623124e-01
3.404783361661889995e-01 1.590780923347849540e-01
3.295599221623802810e-01 2.062237071987217674e-01
7.256577716258906519e-02 2.200661876317841215e-01
2.200731797614728646e-01 2.521690554780312565e-01
2.731962156891973859e-01 2.670571891295763223e-01
2.648606461692048497e-01 2.552391180363217105e-01
2.501213169819163085e-01 2.358117322353985579e-01
2.327524706272812161e-01 2.120635946905415903e-01
8.555809671123511262e-02 1.875451419652600926e-01
2.346210785165210866e-01 5.606989980526747713e-02
2.354530893602500563e-01 4.621911669939760686e-02
2.366578394471023361e-01 3.641904665995088219e-02
2.468336530766687686e-01 2.837082138412205801e-02
3.089646770928917152e-01 6.857219217929137745e-02
3.052148692373873873e-01 6.634077873230015410e-02
3.128239637277467899e-01 6.635361864336619675e-02
3.362261766823039233e-01 7.096951914336149803e-02
4.416861301510548454e-01 1.089482370597114197e-01
4.714522569533474150e-01
4.962041555150421002e-01
5.694183493760911485e-01
6.877275139507930124e-01
8.234092290796563018e-01
8.178623079555886743e-01
7.456957083986244239e-01
5.138649399383871108e-01
3.230014668200421601e-01
2.449128957220327307e-01
2.283876428952545667e-01
2.251269744141793927e-01
2.194273686384624333e-01
2.139600503788206820e-01
1.733057898499009986e-01
1.741947234636438691e-01
1.765880769786930538e-01
1.815340867906730660e-01
1.857469329308486516e-01
1.890589862162231904e-01
1.914446981613211474e-01
2.539555060028688693e-01
3.604516320440761534e-01
4.636581030900994160e-01
3.076922789300909900e-01
2.878089011086948368e-01
2.872869576073331377e-01
3.243192483971183426e-01
2.189106695729679253e-01
2.888990359290525833e-01
2.910676802663607621e-01
4.593367253318976218e-01
5.035127506901897476e-01
4.428490965317373740e-01
3.426057788030043572e-01
2.381619177323414105e-01
2.305327985635948207e-01
2.265984200672729321e-01
2.420605881417298155e-01
2.972569565891224896e-01
2.994200429920325091e-01
2.984485850083685166e-01
2.770697220071757783e-01
2.616956878944043940e-01
3.095001366541026977e-01
3.270755378844849570e-01
3.296363059346614777e-01
3.320315769163333375e-01
3.360277172271634583e-01
3.331713605203048267e-01
3.313199837823332938e-01
3.608610281146578114e-01
2.839052470829226960e-01
8.272541467512331548e-02
7.315567375359675883e-02
5.803556131758165482e-02
4.193072153672557090e-02
2.645295677919468069e-02
1.218539821879988105e-02
0.000000000000000000e+00
0.000000000000000000e+00
0.000000000000000000e+00
0.000000000000000000e+00
1.692242030488764482e-01
1.670726353381491447e-01
1.646742475597287314e-01
1.624003232974299826e-01
1.375942831714045134e-01
1.383635222835408463e-01
1.384375895106513821e-01
1.347452203034681384e-01
1.250579820200722891e-01
1.163102591225649851e-01
9.069776100734691648e-02
1.443082961580605117e-02
0.000000000000000000e+00
0.000000000000000000e+00
0.000000000000000000e+00
0.000000000000000000e+00
0.000000000000000000e+00
0.000000000000000000e+00
0.000000000000000000e+00
0.000000000000000000e+00
0.000000000000000000e+00
0.000000000000000000e+00
0.000000000000000000e+00
0.000000000000000000e+00
0.000000000000000000e+00
0.000000000000000000e+00
0.000000000000000000e+00
0.000000000000000000e+00
0.000000000000000000e+00
0.000000000000000000e+00
0.000000000000000000e+00
0.000000000000000000e+00
4.158134610688840604e-03
5.321202068632541193e-03
6.369032136758767670e-03
8.090155515239255690e-03
1.069715084811176387e-02
1.431779792672249751e-02
1.904624893954887099e-02
2.601484204955697987e-02
5.905435585280729982e-02
8.992498663427359040e-02
9.783832736853834144e-02
1.093873628396889730e-01
1.222506450262537125e-01
1.406667229557677645e-01
2.007553454460319076e-01
2.309724058156820969e-01
2.524043051479294419e-01
2.775992823444295987e-01
3.044070317662514458e-01
3.274300809105784582e-01
3.488274520912801324e-01
3.694585091483384987e-01
3.883440374041935428e-01
4.116334575158655529e-01
4.323441134136218333e-01
4.451047854264115755e-01
4.513028829680217346e-01
4.447162709504092759e-01
4.597173997695990222e-01
4.485773277792156066e-01
4.547353706507774040e-01
4.765235528315580615e-01
4.725374681503600738e-01
4.489149989483558478e-01
4.296916626714384901e-01
1.355604651537221650e-01
3.544742063341765892e-01
3.454054289143868584e-01
3.372299557250635349e-01
9.661857937097170779e-02
9.955888186150911590e-02
9.314917679637822745e-02
9.348150397838664305e-02
2.012975533207930212e-01
1.987333578282541313e-01
1.829414523686865579e-01
3.497077480409120920e-01
4.200102564072845657e-01
4.372952498828450718e-01
4.544683503873480079e-01
4.474996457261846139e-01
3.152068130017360303e-01
3.656349190060489973e-01
3.859293209329385244e-01
2.603233710287427560e-01
1.994807386626852586e-01
7.099712827812788840e-02
0.000000000000000000e+00
5.768420288152996400e-02
8.785719694928112444e-03
0.000000000000000000e+00
0.000000000000000000e+00
0.000000000000000000e+00
0.000000000000000000e+00
0.000000000000000000e+00
0.000000000000000000e+00
0.000000000000000000e+00
0.000000000000000000e+00
2.787389518254780874e-01
2.977619723786447126e-01
1.376508902308929139e-01
1.352086171829033068e-01
1.364242031721411563e-01
1.312232592715207313e-01
1.224587189636199835e-01
1.100968053524634116e-01
9.484918461626827557e-02
7.827705865234586835e-02
4.993476314589756493e-02
0.000000000000000000e+00
0.000000000000000000e+00
0.000000000000000000e+00
0.000000000000000000e+00
0.000000000000000000e+00
0.000000000000000000e+00
0.000000000000000000e+00
0.000000000000000000e+00
0.000000000000000000e+00
0.000000000000000000e+00
0.000000000000000000e+00
0.000000000000000000e+00
0.000000000000000000e+00
0.000000000000000000e+00
0.000000000000000000e+00
0.000000000000000000e+00
0.000000000000000000e+00
0.000000000000000000e+00
2.456567820823904180e-01 0.000000000000000000e+00 4.732946247201955114e-02
3.927450780685630138e-01 1.149789408552242820e-01 1.063815550279249705e-01
3.874955364893671872e-01 1.801827854602570667e-01 2.416675653792777767e-01
3.648661866199531256e-01 2.109654338281645169e-01 2.581545686565116515e-01
3.444026894514569670e-01 2.201628633239306465e-01 2.746701345885604328e-01
3.372058945705087019e-01 2.415257282312510134e-01 2.565623428959361019e-01
3.307536821563110685e-01 2.578332368806934838e-01 2.006020364260447386e-01
3.126340606253891208e-01 2.408408317322493497e-01 1.883006096938345253e-01
3.048296475049369070e-01 2.179793203827998238e-01 2.212201539089385660e-01
3.400048539195069108e-01 2.339919346388120713e-01 8.995132943134584447e-02
2.547621695357257243e-01 2.443538166506603326e-01 1.262373498300606856e-01
1.431304296974319212e-01 2.765596298534204189e-01 9.638272302908316991e-02
6.141391599134961299e-02 2.628740052405705296e-01 1.222980011259412192e-01
2.722185684395567185e-02 2.940245844108539952e-01 8.498455293642921682e-02
0.000000000000000000e+00 3.104691162719380171e-01 1.229698726648478790e-02
0.000000000000000000e+00 3.252022533967914297e-01 0.000000000000000000e+00
0.000000000000000000e+00 3.440880504959821229e-01 0.000000000000000000e+00
0.000000000000000000e+00 3.648737576648726777e-01 0.000000000000000000e+00
0.000000000000000000e+00 3.872993393219369418e-01 0.000000000000000000e+00
0.000000000000000000e+00 4.103823318886274940e-01 0.000000000000000000e+00
0.000000000000000000e+00 4.400868625569248072e-01 0.000000000000000000e+00
5.114835075230561579e-01 0.000000000000000000e+00
6.178647208682456204e-01 0.000000000000000000e+00
7.523791436675397737e-01 0.000000000000000000e+00
7.668710715952351542e-01 0.000000000000000000e+00
7.545482759881835255e-01 0.000000000000000000e+00
7.740727349984050099e-01 0.000000000000000000e+00
8.373538573991772260e-01 0.000000000000000000e+00
8.228950532242543803e-01 0.000000000000000000e+00
7.692010865610982018e-01 0.000000000000000000e+00
5.825258861220330431e-01 0.000000000000000000e+00
4.251756586946130456e-01
6.401948728425748136e-01
6.514073303139016335e-01
6.815866800287231353e-01
7.243654036104552052e-01
7.454873459230133559e-01
7.626070387080494672e-01
7.537781511601961970e-01
7.418918153538311966e-01
7.257369132058745231e-01
7.038894894612655051e-01
6.754243193405864432e-01
6.421182233966745700e-01
6.121994210074030995e-01
5.998190284777090708e-01
5.789620139285283074e-01
5.372104448890805406e-01
4.881631318996112467e-01
4.397209004024072998e-01
3.813713620020824369e-01
3.377946544557728359e-01
2.579332515206671506e-01
2.220169881268482248e-01
3.424348515290531747e-02
0.000000000000000000e+00
0.000000000000000000e+00
0.000000000000000000e+00
0.000000000000000000e+00
0.000000000000000000e+00
0.000000000000000000e+00
0.000000000000000000e+00
0.000000000000000000e+00
0.000000000000000000e+00
0.000000000000000000e+00
0.000000000000000000e+00
0.000000000000000000e+00
0.000000000000000000e+00
0.000000000000000000e+00
0.000000000000000000e+00
0.000000000000000000e+00
0.000000000000000000e+00
0.000000000000000000e+00
3.556678071428731602e-01
3.733227004036363539e-01
3.934303483946538504e-01
4.178795906057904408e-01
4.458334651801177384e-01
4.763525427282666591e-01
5.087714301558949881e-01
5.430253030146376947e-01
5.713629050682883515e-01
5.807035681971745023e-01
5.943535959750247955e-01
6.583820887279022704e-01
7.634887631586378953e-01
8.691823660239076377e-01
8.410307148882198991e-01
8.114737672060590157e-01
7.444335234606795915e-01
5.970370181197087733e-01
4.397513727935861150e-01
3.229443556859089570e-01
2.000730486398480112e-01 2.027355283313311274e-01
1.999504652863267895e-01 0.000000000000000000e+00
1.992730863530667029e-01 0.000000000000000000e+00
1.658412615953956670e-01 0.000000000000000000e+00
1.536963555346683163e-01 0.000000000000000000e+00
1.339011406151824346e-01 0.000000000000000000e+00
1.225815160270810056e-01 0.000000000000000000e+00
1.053059272798393675e-01 0.000000000000000000e+00
7.450177403376503915e-02 0.000000000000000000e+00
4.425712060958288119e-02 0.000000000000000000e+00
1.469560975416520088e-02 0.000000000000000000e+00
0.000000000000000000e+00 0.000000000000000000e+00
0.000000000000000000e+00 0.000000000000000000e+00
0.000000000000000000e+00 0.000000000000000000e+00
0.000000000000000000e+00 0.000000000000000000e+00
0.000000000000000000e+00
0.000000000000000000e+00
0.000000000000000000e+00
2.857901609294977163e-01
2.934166721635868558e-01
2.996764990486786573e-01
3.043112027865125246e-01
3.070166288279714273e-01
3.074520834968356153e-01
3.052787751165092489e-01
3.002682636585168319e-01
2.117972014798303881e-01
1.950220621296445689e-01
2.009326765685498506e-01
1.820761540873067075e-01
1.421000727299252531e-01
1.175475492433693814e-01
9.997170492605476910e-02
8.174755731096194911e-02
4.055073119836324208e-02
0.000000000000000000e+00
0.000000000000000000e+00
0.000000000000000000e+00
0.000000000000000000e+00
0.000000000000000000e+00
0.000000000000000000e+00
0.000000000000000000e+00
0.000000000000000000e+00
5.060401824936003323e-02
8.839660423942329037e-02
7.641503063267449103e-02
6.077755561184230992e-02
4.485173156013372298e-02
3.706278237645729834e-02
1.293560089201192254e-01
1.755537773921913569e-01
2.228639073309467977e-01
2.402873386526546418e-01
2.679898118675108076e-01
3.213038685669152850e-01
3.889069506993404479e-01
5.057751479179929399e-01
6.692070953494917429e-01
7.741446325754041125e-01
7.843589504745953622e-01
7.808035772622557991e-01
7.660572896283058819e-01
7.660955545438286052e-01
7.848091164072533710e-01
7.972902808031192556e-01
8.015090434513854056e-01
7.770067955908090962e-01
6.946793374062423254e-01
7.221168546316890646e-01
6.600561680273246967e-01
6.431283535229272985e-01
5.306107799196899677e-01
3.550660927498838770e-01
3.327906680374185244e-01
4.935308685252805527e-01
5.393703273405885401e-01
5.439373664098516858e-01
5.799341758470912822e-01
6.047696985634675171e-01
6.182594434205933576e-01
5.933887131136331705e-01
4.562573653263791718e-01
3.267493354775194980e-01
2.223030629661965074e-01
1.817217000017161133e-01
1.832135028358486406e-01
1.853080952668136328e-01
1.865963261686307550e-01
1.882579017419789558e-01
1.898168122835506288e-01
1.911531795248061216e-01
1.920541609200405175e-01
1.927298380085061269e-01
1.934678098185865502e-01
1.941615128603186302e-01
1.947821141762997865e-01
1.953289428871617939e-01
1.956257293810421960e-01
1.956969549702147759e-01
1.956209109408145463e-01
