0
0
0
0
0.14043658733513378
0.18440005502988768
0.2067288609935955
0.2641157961238781
0.2806659412864539
0.2943154693612672
0.30624107241944537
0.30743599668830895
0.2959978067138326
0.2933547606198846
0.2774219103507233
0.24334045484137284
0.2357208278243681
0.22142834667224648
0.21378750474760017
0.20675815460580257
0.19207837350803797
0.19333241559326134
0.20356938539820152
0.20211077990896462
0.2900872044859879
0.23015579551759313
0.21703261818052866
0.19081181330626948
0.18266325970533967
0.16487567202554246
0.08042422519929318
0.05061588335234735
0.1479922977437495
0.1935849822094363
0.21625372448749802
0.23141883288821805
0.24038914524689203
0.2468821037536667
0.2539960446329377
0.2640340248071075
0.48608012134975065
0.5250804018190253
0.563768186272932
0.6064841547448047
0.6460598126849197
0.7093764610784765
0.9603352138027609
0.8775348462115188
0.5596608928343593
0.3202595454837159
0.24046626309869407
0.2269337869075375
0.2697890579605248
0.31079491405638643
0.29278412918719937
0.3015475637562672
0.394028834295601
0.37959579104363816
0.2766381284946992
0.21503549618533596
0.16918798667768487
0.07368810060639172
0
0.02630274383534037
0.07827462425499737
0
0
0
0
0
0.16276308129531075
0.16412042825951628
0.08713580874439288
0.14447640115326252
0.1784936551459133
0.0006115440219091606
0
0
0
0
0.11035583012304441
0.13132726022782987
0.19736659538696066
0.2044371987991363
0.20827856204217643
0.2107326881758732
0.21262478243017835
0.21390837741404722
0.21461526368500838
0.21484653714250992
0.21479900463002125
0.21479992761198824
0.21533638646698047
0.2170625430178272
0.22076070700679318
0.2272345265703476
0.1685040832337998
0.10318028870620186
0.22580518333905178
0.19825168858581688
0.20819990582067008
0.23995728388124637
0.3011889744287342
0.3206700051004053
0.3392368610552771
0.3574437203462376
0.3754757464914007
0.3932571358756499
0.410684484594934
0.42759470192148974
0.4417014548174131
0.41307254367365737
0.4592437960623651
0.49420963029618203
0.5235300359547865
0.2824176817017176
0.15862227077713403
0.09447562320077742
0.07449520937096672
0.0759459546994026
0.0758407177049765
0.07570756305215956
0.07560720618564268
0.19984696640326663
0.19968839544150463
0.19963898580363365
0.19994782475385353
0.2000226154320769
0.125988293814948
0.11386438748545796
0.12035351942743192
0.1205392499429149
0.1654834685072101
0.2113007215843581
0.1934887925241117
0.1902426465070048
0.1928800603071123
0.1878801249675901
0.28751663729570687
0.2958911580210496
0.31376236323532414
0.3793931254235668
0.39290053714138745
0.34285110633059407
0.3181738857125051
0.22832010912232287
0.12752782623957493
0.03557481076390824
0.0061857827522652925
0.012865059277182282
0.020056295272392034
0.19563034508830368
0.2679683407658329
0.23695849582052067
0.20657279342250823
0.17765542952295255
0.14895423791894466
0.11649024829571136
0.09164927760131675
0.07003934870547328
0
0
0
0
0
0
0
0
0.09582881810231905
0.049597435270053225
0.048673877129412194
0.1128442979015769
0.19613688998917758
0.18137512737787728
0.01841318872735498
0.027775407586001465
0
0
0
0
0
0.36247931063480554
0.3850440172492312
0.4078296256482525
0.40977618088288287
0.3952209703821445
0.3755151865072176
0.346588774612584
0.34781435243762215
0.3889629065465796
0.40018421576277574
0.441711130839587
0.5511577705048119
0.6873480098724887
0.8435594681603388
0.7252605526136748
0.5845245870881809
0.38152463231197853
0.16677618868260255
0
0
0
0
0
0
0
0
0
0
0
0
0
0
0
0.2566849782012538
0.2752199933141253
0.34764973713483993
0.4354903465380374
0.4665640120135174
0.4726768130566219
0.5344837956536219
0.5717622787913474
0.6245202467511086
0.810844111067401
0.7948162602890712
0.5777478529534469
0.3308705518129993
0.26157693282553696
0.2097255139491545
0.19744540785438827
0.17881925033564441
0.15022226837032338
0.12069678609284648
0.09673515177069754
0.07550180171997692
0.05704318706377859
0.041183188528807736
0.28122730768924703
0.2626698956184711
0.24677501286171674
0.23345842586495402
0.22759836429575125
0.22738480837008976
0.12777387640185994
0.03592347066699483
0
0
0.013880024933907331
0.007340588053596442
0.29714594018008256
0.1749625081073808
0.24723243337703643
0.38860451085873193
0.39688678314139586
0.3439855055802001
0.4107982773246374
0.43361811420938395
0.45289947380514334
0.47360993925230777
0.5392174063588205
0.6634928800731275
0.6680348138066281
0.36997951573751436
0.2466613243005395
0.367719355982041
0.37265556252161025
0.37660636894898925
0.3790213105446756
0.37938866661426834
0.3772589445425324
0.43238231307133934
0.5051773877222948
0.5224688591571864
0.5365425378191908
0.5432735140494052
0.5241103015555345
0.43824653272591446
0.3734126311969729
0.12275152837536699
0.07302948718857986
0.07226270798972871
0.07168121630950408
0.10893068714766946
0.10203490715613198
0.09717050108366387
0.09304054359508918
0.08941542720390534
0
0.20836541717399398
0.28382429816215055
0.42264808713987945
0.38017550017950236
0.3780589849577808
0.4079000262463651
0.427017998650456
0.503098764157096
0.5614395838743367
0.594798075079108
0.6282023387699048
0.6614775717102501
0.7467465355759816
0.8812907615586909
0.8741554206023737
0.7774704423875141
0.6820808577523974
0.4920046799796075
0.2229568016972681
0.020697931816989798
0
0.4245017195191723
0.4441497439897022
0.46654080629089606
0.4919300577978386
0.5197488796581021
0.43007303449463924
0.4012817881675637
0.41441286285317425
0.4655414488149382
0.5191997122855514
0.6628940231088096
0.8737269279407499
0.7483241980039267
0.6233874601038316
0.5919877536290251
0.3632693535655902
0.37401354565580613
0.02758325171614645
0.01769046901730066
0.1349681211176727
0.22074852598602526
0.23393779957224844
0.24694427687395712
0.260335994989561
0.2731080966061868
0.28514543584686525
0.2960128898044439
0.15437890652801
0.1650703586081504
0.17879927672954157
0.29050974805576
0.27641208244712945
0.26030770734071185
0.24263759991694772
0.2910072349397527
0.2724201648532547
0.24366989117663962
0.2357124879175017
0.20184899437294032
0.15053036730471536
0.12561677215299993
0.10392921795295738
0.08669004429866818
0
0
0.03982981369202204
0.04763905050413131
0.055457080979016415
0.06328465769087063
0.051346392412868314
0.034469101152119486
0.039375645809751364
0.04440258596729019
0.04825652190024626
0.03255004949306761
0
0
0
0
0
0
0
0.43692458031979015
0.4608921930952282
0.46286215995812785
0.5051667705571865
0.5326787381360971
0.5603709857273997
0.5899118939620165
0.6192302415592963
0.70640919407671
0.9129462765560233
0.8542468719106149
0.649961133556984
0.45474564989886024
0.39137922627270383
0.46417334789723835
0.7449699074206793
0.7687254020843239
0.486450342746382
0.19954101906259852
0.14421201535869638
0.18690642307469982
0.1770964540697987
0.26497331942635755
0.2819730048385315
0.30697611916275563
0.29705888408231834
0.29967105892012946
0.31722022466681615
0.3292084320582223
0.30325032256592854
0.3095776034799988
0.31582397130853646
0.319098821773973
0.4184088964819464
0.4436724147308247
0.4417899374431991
0.4165068809243679
0.45153850388695593
0.3999098314450287
0.2891590116332632
0.14478677450836785
0.14369169123171033
0.1510912494560531
0.15959192040253903
0.14155674702399984
0.10074386588085349
0.09108608328574447
0.13442637031766813
0.17079917296341057
0.17469109076148415
0.17961277311250318
0.15442916555364572
0.10961986905297241
0.10271509181818506
0.14046075174559575
0.17091337656002797
0.1715786325071824
0.1744339820237898
0.32178833340800556
0.3222507396112226
0.2818949658635778
0.27479013464010366
0.3364301367119553
0.3392662703191657
0.3563316892198414
0.35703742752435064
0.3276324093318407
0.29827118603725933
0.28937607064126847
0.12833385983838555
0
0.05083748015528114
0.07460159999170156
0.07121576174943799
0.054648523257121995
0.04568594246949994
0.0470948436320295
0.04712641183371151
0.04712281091881364
0.037393223065627805
0.038086067316656716
0
0
0
0
0.3151283798182164
0.30592763988963523
0.27809096219016954
0.18215298481101083
0.18184755824867035
0.23756254453617132
0.3465977736931015
0.4196557735683241
0.44912143380386926
0.3302745311447958
0.002537387742538505
0
0
0
0
0
0
0.22028304440491023
0.18308766495636603
0.20061427958517372
0.17476949003359726
0.18056257905708215
0.19491207473010963
0.1187631244605952
0.03483485318022139
0.45398245185242836
0.48151950136753907
0.5333473025949059
0.5671854290379155
0.6012159792254871
0.6347774860311497
0.6677248211261126
0.803690118353736
0.94248308822994
0.7961020317062324
0.5643830938195827
0.3501834723014934
0.10261981534825952
0.04794046345564151
0.0510913251662328
0.09772387841908017
0.110378689082438
0.12074452759849211
0.130953151054789
0.14115722621473636
0.1513450057225134
0.15662282399616412
0.16695097984972776
0.1765288065182688
0.18601405061553908
0.19547182757753043
0.2048985612354802
0.09429456805817621
0.07663128259703544
0.025407754790727516
0
0.04612291017167666
0.16867995640340025
0.1546363015886522
0.1528655471911398
0.1678965138392454
0.1905315701695009
0.19702045547375446
0.1940955230382331
0.1486597751283448
0.16111004122468403
0.1673322575106347
0.20820124645892987
0.2051477529184867
0.20146041159577088
0.1791557990520285
0.1519018656605227
0.13968681871602326
0.09832108373221049
0.09673158533049292
0.09313090296594957
0.05755087790088184
0
0
0
0
0
0
0
0
0
0
0
0
0
0
0
0
0
0
0.16837108359869019
0.2342625705830326
0.2463231917189356
0.2729356503617018
0.2885733675351529
0.2060489173909057
0.21346714298783773
0.20758303180102464
0.19190791415855213
0.004278636193556243
0
0.49060871113545024
0.48783899562223204
0.42719041796642443
0.4380240452312506
0.442039386364115
0.42703599956334815
0.40494721574169734
0.4018792335555227
0.3910935458190158
0.41478806553838155
0.43477886891710915
0.4525552814847139
0.46982947663974145
0.3467876647084102
0.020887469559470184
0
0
0
0.4643083992141134
0.5250752944716581
0.5220826570297944
0.5327430215087712
0.5537176463264661
0.46370028146515024
0.5402776347630589
0.6150407994929198
0.6592091859014777
0.6204665709501901
0.5269709492395185
0.4100114417520402
0.263749351515834
0.2607760472662066
0.13148719475141712
0.1103347082597319
0.23554763802322032
0.24637693657247284
0.08293701758890885
0.0946638226561016
0
0
0
0.09961289019240363
0.13168894011270782
0.07083294949168217
0
0
0
0
0
0
0
0
0
0.11950478756238879
0.10984599359816014
0.09773066896836709
0.08464611790867303
0.07187657833664082
0.061289880390716395
0.05150725293186273
0.05424186381593771
0.08230343411123045
0.11355020717463654
0.14817555684894268
0.17886201848488084
0.11996474249830016
0.10929299883754981
0.10142728098782075
0.09662630142499778
0.09475971326517385
0.09533406300740602
0.09761019785795394
0.10076245953333943
0.147812754288538
0.17433638579597316
0.18425996051390287
0.19793499229527456
0.21163555384899002
0.2255395884828069
0.22218553738623753
